[gd_scene load_steps=12 format=2]

[ext_resource path="res://map/main_menu_map/main_menu_map.tscn" type="PackedScene" id=1]
[ext_resource path="res://menu/main-menu/ui/ui.tscn" type="PackedScene" id=2]
[ext_resource path="res://menu/main-menu/main_menu.gd" type="Script" id=3]
[ext_resource path="res://assets/day-night/day_night_dome.tscn" type="PackedScene" id=4]
[ext_resource path="res://entity/resources/model/Rock1.obj" type="ArrayMesh" id=5]
[ext_resource path="res://entity/resources/model/Bush2.obj" type="ArrayMesh" id=6]
[ext_resource path="res://entity/resources/model/Tree2.obj" type="ArrayMesh" id=7]
[ext_resource path="res://entity/resources/model/Rock3.obj" type="ArrayMesh" id=8]
[ext_resource path="res://entity/resources/model/Tree3.obj" type="ArrayMesh" id=9]
[ext_resource path="res://entity/resources/model/Tree1.obj" type="ArrayMesh" id=10]
[ext_resource path="res://entity/structure/moving-structure/ship/BoatWSail.obj" type="ArrayMesh" id=11]

[node name="main_menu" type="Node"]
script = ExtResource( 3 )

[node name="players_holder" type="Node" parent="."]

[node name="main_menu_map" parent="." instance=ExtResource( 1 )]

[node name="Tree2" type="MeshInstance" parent="main_menu_map"]
transform = Transform( -0.800009, -0.104187, 0.590873, 5.17512e-09, 0.984808, 0.173648, -0.599988, 0.13892, -0.787855, -8.80408, 5.47576, 12.7886 )
mesh = ExtResource( 7 )
skeleton = NodePath("../../Camera")

[node name="Tree3" type="MeshInstance" parent="main_menu_map"]
transform = Transform( -0.800009, -0.104187, 0.590873, 5.17512e-09, 0.984808, 0.173648, -0.599988, 0.13892, -0.787855, -14.8215, 6.50501, 14.9743 )
mesh = ExtResource( 9 )
skeleton = NodePath("../../Camera")

[node name="Rock1" type="MeshInstance" parent="main_menu_map"]
transform = Transform( -0.800009, -0.104187, 0.590873, 5.17512e-09, 0.984808, 0.173648, -0.599988, 0.13892, -0.787855, -25.1855, 3.78481, 7.62499 )
mesh = ExtResource( 5 )
skeleton = NodePath("../../Camera")

[node name="Bush2" type="MeshInstance" parent="main_menu_map"]
transform = Transform( -0.800009, -0.104187, 0.590873, 5.17512e-09, 0.984808, 0.173648, -0.599988, 0.13892, -0.787855, -20.7549, 2.66708, 4.61841 )
mesh = ExtResource( 6 )
skeleton = NodePath("../../Camera")

[node name="Rock3" type="MeshInstance" parent="main_menu_map"]
transform = Transform( -0.800009, -0.104187, 0.590873, 5.17512e-09, 0.984808, 0.173648, -0.599988, 0.13892, -0.787855, -35.218, 3.06068, 22.2784 )
mesh = ExtResource( 8 )
skeleton = NodePath("../../Camera")

[node name="Rock2" type="MeshInstance" parent="main_menu_map"]
transform = Transform( -0.800009, -0.104187, 0.590873, 5.17512e-09, 0.984808, 0.173648, -0.599988, 0.13892, -0.787855, -37.311, 4.2408, 12.7525 )
mesh = ExtResource( 5 )
skeleton = NodePath("../../Camera")

[node name="Tree1" type="MeshInstance" parent="main_menu_map"]
transform = Transform( -0.800009, -0.104187, 0.590873, 5.17512e-09, 0.984808, 0.173648, -0.599988, 0.13892, -0.787855, -21.9234, 4.68708, 10.0003 )
mesh = ExtResource( 10 )
skeleton = NodePath("../../Camera")

[node name="Tree4" type="MeshInstance" parent="main_menu_map"]
transform = Transform( -0.800009, -0.104187, 0.590873, 5.17512e-09, 0.984808, 0.173648, -0.599988, 0.13892, -0.787855, -13.776, 6.24837, 23.4847 )
mesh = ExtResource( 7 )
skeleton = NodePath("../../Camera")

[node name="Tree5" type="MeshInstance" parent="main_menu_map"]
transform = Transform( -0.800009, -0.104187, 0.590873, 5.17512e-09, 0.984808, 0.173648, -0.599988, 0.13892, -0.787855, -31.6137, 2.98257, 25.8254 )
mesh = ExtResource( 9 )
skeleton = NodePath("../../Camera")

[node name="BoatWSail" type="MeshInstance" parent="main_menu_map"]
transform = Transform( 5.68728, 0, -1.91177, 0, 6, 0, 1.91177, 0, 5.68728, -11.9717, 0.980918, -1.9311 )
mesh = ExtResource( 11 )
skeleton = NodePath("")

[node name="BoatWSail2" type="MeshInstance" parent="main_menu_map"]
transform = Transform( -3.45885, 0, -4.90269, 0, 6, 0, 4.90269, 0, -3.45885, 4.97373, 0.980918, 24.0154 )
mesh = ExtResource( 11 )
skeleton = NodePath("")

[node name="day_night_dome2" parent="main_menu_map" instance=ExtResource( 4 )]

[node name="players_spawn_pos" type="Position3D" parent="."]
transform = Transform( 1, 0, 0, 0, 1, 0, 0, 0, 1, -13.0359, 6.73946, 9.73508 )

[node name="Camera" type="Camera" parent="."]
transform = Transform( -0.819152, 0, 0.573576, 0, 1, 0, -0.573576, 0, -0.819152, 0.661167, 13.4697, -25.3297 )
current = true

[node name="ui" parent="." instance=ExtResource( 2 )]

[node name="Tween" type="Tween" parent="."]

[connection signal="lobby_player_update" from="ui" to="." method="_on_ui_lobby_player_update"]
[connection signal="to_lobby_menu" from="ui" to="." method="_on_ui_to_lobby_menu"]
[connection signal="to_main_menu" from="ui" to="." method="_on_ui_to_main_menu"]
